0.480000
5.790000
0.000000
0.443462
5.790000
-0.183688
0.339411
5.790000
-0.339411
0.183688
5.790000
-0.443462
0.000000
5.790000
-0.480000
-0.183688
5.790000
-0.443462
-0.339411
5.790000
-0.339411
-0.443462
5.790000
-0.183688
-0.480000
5.790000
-0.000000
-0.443462
5.790000
0.183688
-0.339411
5.790000
0.339411
-0.183688
5.790000
0.443462
-0.000000
5.790000
0.480000
0.183688
5.790000
0.443462
0.339411
5.790000
0.339411
0.443462
5.790000
0.183688
0.479443
5.093789
0.000000
0.442948
5.093789
-0.183475
0.339018
5.093789
-0.339018
0.183475
5.093789
-0.442948
0.000000
5.093789
-0.479443
-0.183475
5.093789
-0.442948
-0.339018
5.093789
-0.339018
-0.442948
5.093789
-0.183475
-0.479443
5.093789
-0.000000
-0.442948
5.093789
0.183475
-0.339018
5.093789
0.339018
-0.183475
5.093789
0.442948
-0.000000
5.093789
0.479443
0.183475
5.093789
0.442948
0.339018
5.093789
0.339018
0.442948
5.093789
0.183475
0.479297
4.405312
0.000000
0.442813
4.405312
-0.183419
0.338914
4.405312
-0.338914
0.183419
4.405312
-0.442813
0.000000
4.405312
-0.479297
-0.183419
4.405312
-0.442813
-0.338914
4.405312
-0.338914
-0.442813
4.405312
-0.183419
-0.479297
4.405312
-0.000000
-0.442813
4.405312
0.183419
-0.338914
4.405312
0.338914
-0.183419
4.405312
0.442813
-0.000000
4.405312
0.479297
0.183419
4.405312
0.442813
0.338914
4.405312
0.338914
0.442813
4.405312
0.183419
0.480146
3.734290
0.000000
0.443598
3.734290
-0.183744
0.339515
3.734290
-0.339515
0.183744
3.734290
-0.443598
-0.000000
3.734290
-0.480146
-0.183744
3.734290
-0.443598
-0.339515
3.734290
-0.339515
-0.443598
3.734290
-0.183744
-0.480146
3.734290
-0.000000
-0.443598
3.734290
0.183744
-0.339515
3.734290
0.339515
-0.183744
3.734290
0.443598
-0.000000
3.734290
0.480146
0.183744
3.734290
0.443598
0.339515
3.734290
0.339515
0.443598
3.734290
0.183744
0.481875
3.082500
0.000000
0.445194
3.082500
-0.184406
0.340737
3.082500
-0.340737
0.184406
3.082500
-0.445194
-0.000000
3.082500
-0.481875
-0.184406
3.082500
-0.445194
-0.340737
3.082500
-0.340737
-0.445194
3.082500
-0.184406
-0.481875
3.082500
-0.000000
-0.445194
3.082500
0.184406
-0.340737
3.082500
0.340737
-0.184406
3.082500
0.445194
-0.000000
3.082500
0.481875
0.184406
3.082500
0.445194
0.340737
3.082500
0.340737
0.445194
3.082500
0.184406
0.483838
2.445769
0.000000
0.447008
2.445769
-0.185157
0.342125
2.445769
-0.342125
0.185157
2.445769
-0.447008
-0.000000
2.445769
-0.483838
-0.185157
2.445769
-0.447008
-0.342125
2.445769
-0.342125
-0.447008
2.445769
-0.185157
-0.483838
2.445769
-0.000000
-0.447008
2.445769
0.185157
-0.342125
2.445769
0.342125
-0.185157
2.445769
0.447008
-0.000000
2.445769
0.483838
0.185157
2.445769
0.447008
0.342125
2.445769
0.342125
0.447008
2.445769
0.185157
0.488203
1.851680
0.000000
0.451041
1.851680
-0.186827
0.345212
1.851680
-0.345212
0.186827
1.851680
-0.451041
-0.000000
1.851680
-0.488203
-0.186827
1.851680
-0.451041
-0.345212
1.851680
-0.345212
-0.451041
1.851680
-0.186827
-0.488203
1.851680
0.000000
-0.451041
1.851680
0.186827
-0.345212
1.851680
0.345212
-0.186827
1.851680
0.451041
-0.000000
1.851680
0.488203
0.186827
1.851680
0.451041
0.345212
1.851680
0.345212
0.451041
1.851680
0.186827
0.495908
1.313921
0.000000
0.458159
1.313921
-0.189776
0.350660
1.313921
-0.350660
0.189776
1.313921
-0.458159
-0.000000
1.313921
-0.495908
-0.189776
1.313921
-0.458159
-0.350660
1.313921
-0.350660
-0.458159
1.313921
-0.189776
-0.495908
1.313921
-0.000000
-0.458159
1.313921
0.189776
-0.350660
1.313921
0.350660
-0.189776
1.313921
0.458159
-0.000000
1.313921
0.495908
0.189776
1.313921
0.458159
0.350660
1.313921
0.350660
0.458159
1.313921
0.189776
0.510000
0.870000
0.000000
0.471179
0.870000
-0.195169
0.360624
0.870000
-0.360624
0.195169
0.870000
-0.471179
0.000000
0.870000
-0.510000
-0.195169
0.870000
-0.471179
-0.360624
0.870000
-0.360624
-0.471179
0.870000
-0.195169
-0.510000
0.870000
0.000000
-0.471179
0.870000
0.195169
-0.360624
0.870000
0.360624
-0.195169
0.870000
0.471179
-0.000000
0.870000
0.510000
0.195169
0.870000
0.471179
0.360624
0.870000
0.360624
0.471179
0.870000
0.195169
0.535811
0.583228
0.000000
0.495024
0.583228
-0.205046
0.378875
0.583228
-0.378875
0.205046
0.583228
-0.495024
0.000000
0.583228
-0.535811
-0.205046
0.583228
-0.495024
-0.378875
0.583228
-0.378875
-0.495024
0.583228
-0.205046
-0.535811
0.583228
-0.000000
-0.495024
0.583228
0.205046
-0.378875
0.583228
0.378875
-0.205046
0.583228
0.495024
-0.000000
0.583228
0.535811
0.205046
0.583228
0.495024
0.378875
0.583228
0.378875
0.495024
0.583228
0.205046
0.567422
0.389883
0.000000
0.524229
0.389883
-0.217143
0.401228
0.389883
-0.401228
0.217143
0.389883
-0.524229
0.000000
0.389883
-0.567422
-0.217143
0.389883
-0.524229
-0.401228
0.389883
-0.401228
-0.524229
0.389883
-0.217143
-0.567422
0.389883
0.000000
-0.524229
0.389883
0.217143
-0.401228
0.389883
0.401228
-0.217143
0.389883
0.524229
-0.000000
0.389883
0.567422
0.217143
0.389883
0.524229
0.401228
0.389883
0.401228
0.524229
0.389883
0.217143
0.601106
0.250781
0.000000
0.555349
0.250781
-0.230033
0.425046
0.250781
-0.425046
0.230033
0.250781
-0.555349
0.000000
0.250781
-0.601106
-0.230033
0.250781
-0.555349
-0.425046
0.250781
-0.425046
-0.555349
0.250781
-0.230033
-0.601106
0.250781
-0.000000
-0.555349
0.250781
0.230033
-0.425046
0.250781
0.425046
-0.230033
0.250781
0.555349
0.000000
0.250781
0.601106
0.230033
0.250781
0.555349
0.425046
0.250781
0.425046
0.555349
0.250781
0.230033
0.635625
0.155625
0.000000
0.587241
0.155625
-0.243243
0.449455
0.155625
-0.449455
0.243243
0.155625
-0.587241
0.000000
0.155625
-0.635625
-0.243243
0.155625
-0.587241
-0.449455
0.155625
-0.449455
-0.587241
0.155625
-0.243243
-0.635625
0.155625
0.000000
-0.587241
0.155625
0.243243
-0.449455
0.155625
0.449455
-0.243243
0.155625
0.587241
-0.000000
0.155625
0.635625
0.243243
0.155625
0.587241
0.449455
0.155625
0.449455
0.587241
0.155625
0.243243
0.668796
0.084023
-0.000000
0.617887
0.084023
-0.255937
0.472910
0.084023
-0.472910
0.255937
0.084023
-0.617887
0.000000
0.084023
-0.668796
-0.255937
0.084023
-0.617887
-0.472910
0.084023
-0.472910
-0.617887
0.084023
-0.255937
-0.668796
0.084023
-0.000000
-0.617887
0.084023
0.255937
-0.472910
0.084023
0.472910
-0.255937
0.084023
0.617887
0.000000
0.084023
0.668796
0.255937
0.084023
0.617887
0.472910
0.084023
0.472910
0.617887
0.084023
0.255937
0.699727
0.027070
0.000000
0.646463
0.027070
-0.267774
0.494781
0.027070
-0.494781
0.267774
0.027070
-0.646463
0.000000
0.027070
-0.699727
-0.267774
0.027070
-0.646463
-0.494781
0.027070
-0.494781
-0.646463
0.027070
-0.267774
-0.699727
0.027070
0.000000
-0.646463
0.027070
0.267774
-0.494781
0.027070
0.494781
-0.267774
0.027070
0.646463
-0.000000
0.027070
0.699727
0.267774
0.027070
0.646463
0.494781
0.027070
0.494781
0.646463
0.027070
0.267774
0.727661
-0.021226
0.000000
0.672271
-0.021226
-0.278464
0.514534
-0.021226
-0.514534
0.278464
-0.021226
-0.672271
0.000000
-0.021226
-0.727661
-0.278464
-0.021226
-0.672271
-0.514534
-0.021226
-0.514534
-0.672271
-0.021226
-0.278464
-0.727661
-0.021226
-0.000000
-0.672271
-0.021226
0.278464
-0.514534
-0.021226
0.514534
-0.278464
-0.021226
0.672271
0.000000
-0.021226
0.727661
0.278464
-0.021226
0.672271
0.514534
-0.021226
0.514534
0.672271
-0.021226
0.278464
0.750000
-0.090000
0.000000
0.692910
-0.090000
-0.287013
0.530330
-0.090000
-0.530330
0.287013
-0.090000
-0.692910
0.000000
-0.090000
-0.750000
-0.287013
-0.090000
-0.692910
-0.530330
-0.090000
-0.530330
-0.692910
-0.090000
-0.287013
-0.750000
-0.090000
-0.000000
-0.692910
-0.090000
0.287013
-0.530330
-0.090000
0.530330
-0.287013
-0.090000
0.692910
-0.000000
-0.090000
0.750000
0.287013
-0.090000
0.692910
0.530330
-0.090000
0.530330
0.692910
-0.090000
0.287013
0.763081
-0.222876
-0.000000
0.704995
-0.222876
-0.292018
0.539580
-0.222876
-0.539580
0.292018
-0.222876
-0.704995
0.000000
-0.222876
-0.763081
-0.292018
-0.222876
-0.704995
-0.539580
-0.222876
-0.539580
-0.704995
-0.222876
-0.292018
-0.763081
-0.222876
-0.000000
-0.704995
-0.222876
0.292018
-0.539580
-0.222876
0.539580
-0.292018
-0.222876
0.704995
0.000000
-0.222876
0.763081
0.292018
-0.222876
0.704995
0.539580
-0.222876
0.539580
0.704995
-0.222876
0.292018
0.769336
-0.382383
0.000000
0.710774
-0.382383
-0.294412
0.544003
-0.382383
-0.544003
0.294412
-0.382383
-0.710774
0.000000
-0.382383
-0.769336
-0.294412
-0.382383
-0.710774
-0.544003
-0.382383
-0.544003
-0.710774
-0.382383
-0.294412
-0.769336
-0.382383
-0.000000
-0.710774
-0.382383
0.294412
-0.544003
-0.382383
0.544003
-0.294412
-0.382383
0.710774
-0.000000
-0.382383
0.769336
0.294412
-0.382383
0.710774
0.544003
-0.382383
0.544003
0.710774
-0.382383
0.294412
0.769827
-0.547075
0.000000
0.711227
-0.547075
-0.294600
0.544350
-0.547075
-0.544350
0.294600
-0.547075
-0.711227
0.000000
-0.547075
-0.769827
-0.294600
-0.547075
-0.711227
-0.544350
-0.547075
-0.544350
-0.711227
-0.547075
-0.294600
-0.769827
-0.547075
-0.000000
-0.711227
-0.547075
0.294600
-0.544350
-0.547075
0.544350
-0.294600
-0.547075
0.711227
0.000000
-0.547075
0.769827
0.294600
-0.547075
0.711227
0.544350
-0.547075
0.544350
0.711227
-0.547075
0.294600
0.765000
-0.712500
0.000000
0.706768
-0.712500
-0.292753
0.540937
-0.712500
-0.540937
0.292753
-0.712500
-0.706768
0.000000
-0.712500
-0.765000
-0.292753
-0.712500
-0.706768
-0.540937
-0.712500
-0.540937
-0.706768
-0.712500
-0.292753
-0.765000
-0.712500
-0.000000
-0.706768
-0.712500
0.292753
-0.540937
-0.712500
0.540937
-0.292753
-0.712500
0.706768
0.000000
-0.712500
0.765000
0.292753
-0.712500
0.706768
0.540937
-0.712500
0.540937
0.706768
-0.712500
0.292753
0.756365
-0.866675
-0.000000
0.698790
-0.866675
-0.289448
0.534831
-0.866675
-0.534831
0.289448
-0.866675
-0.698790
0.000000
-0.866675
-0.756365
-0.289448
-0.866675
-0.698790
-0.534831
-0.866675
-0.534831
-0.698790
-0.866675
-0.289448
-0.756365
-0.866675
-0.000000
-0.698790
-0.866675
0.289448
-0.534831
-0.866675
0.534831
-0.289448
-0.866675
0.698790
-0.000000
-0.866675
0.756365
0.289448
-0.866675
0.698790
0.534831
-0.866675
0.534831
0.698790
-0.866675
0.289448
0.741797
-1.010742
0.000000
0.685331
-1.010742
-0.283873
0.524530
-1.010742
-0.524530
0.283873
-1.010742
-0.685331
-0.000000
-1.010742
-0.741797
-0.283873
-1.010742
-0.685331
-0.524530
-1.010742
-0.524530
-0.685331
-1.010742
-0.283873
-0.741797
-1.010742
-0.000000
-0.685331
-1.010742
0.283873
-0.524530
-1.010742
0.524530
-0.283873
-1.010742
0.685331
-0.000000
-1.010742
0.741797
0.283873
-1.010742
0.685331
0.524530
-1.010742
0.524530
0.685331
-1.010742
0.283873
0.720381
-1.145171
0.000000
0.665545
-1.145171
-0.275678
0.509386
-1.145171
-0.509386
0.275678
-1.145171
-0.665545
0.000000
-1.145171
-0.720381
-0.275678
-1.145171
-0.665545
-0.509386
-1.145171
-0.509386
-0.665545
-1.145171
-0.275678
-0.720381
-1.145171
0.000000
-0.665545
-1.145171
0.275678
-0.509386
-1.145171
0.509386
-0.275678
-1.145171
0.665545
-0.000000
-1.145171
0.720381
0.275678
-1.145171
0.665545
0.509386
-1.145171
0.509386
0.665545
-1.145171
0.275678
0.690000
-1.260000
0.000000
0.637477
-1.260000
-0.264052
0.487904
-1.260000
-0.487904
0.264052
-1.260000
-0.637477
0.000000
-1.260000
-0.690000
-0.264052
-1.260000
-0.637477
-0.487904
-1.260000
-0.487904
-0.637477
-1.260000
-0.264052
-0.690000
-1.260000
-0.000000
-0.637477
-1.260000
0.264052
-0.487904
-1.260000
0.487904
-0.264052
-1.260000
0.637477
0.000000
-1.260000
0.690000
0.264052
-1.260000
0.637477
0.487904
-1.260000
0.487904
0.637477
-1.260000
0.264052
0.646729
-1.340728
-0.000000
0.597499
-1.340728
-0.247492
0.457306
-1.340728
-0.457306
0.247492
-1.340728
-0.597499
0.000000
-1.340728
-0.646729
-0.247492
-1.340728
-0.597499
-0.457306
-1.340728
-0.457306
-0.597499
-1.340728
-0.247492
-0.646729
-1.340728
-0.000000
-0.597499
-1.340728
0.247492
-0.457306
-1.340728
0.457306
-0.247492
-1.340728
0.597499
-0.000000
-1.340728
0.646729
0.247492
-1.340728
0.597499
0.457306
-1.340728
0.457306
0.597499
-1.340728
0.247492
0.595078
-1.401445
-0.000000
0.549780
-1.401445
-0.227727
0.420784
-1.401445
-0.420784
0.227727
-1.401445
-0.549780
-0.000000
-1.401445
-0.595078
-0.227727
-1.401445
-0.549780
-0.420784
-1.401445
-0.420784
-0.549780
-1.401445
-0.227727
-0.595078
-1.401445
-0.000000
-0.549780
-1.401445
0.227727
-0.420784
-1.401445
0.420784
-0.227727
-1.401445
0.549780
-0.000000
-1.401445
0.595078
0.227727
-1.401445
0.549780
0.420784
-1.401445
0.420784
0.549780
-1.401445
0.227727
0.537847
-1.450437
0.000000
0.496906
-1.450437
-0.205825
0.380315
-1.450437
-0.380315
0.205825
-1.450437
-0.496906
0.000000
-1.450437
-0.537847
-0.205825
-1.450437
-0.496906
-0.380315
-1.450437
-0.380315
-0.496906
-1.450437
-0.205825
-0.537847
-1.450437
0.000000
-0.496906
-1.450437
0.205825
-0.380315
-1.450437
0.380315
-0.205825
-1.450437
0.496906
-0.000000
-1.450437
0.537847
0.205825
-1.450437
0.496906
0.380315
-1.450437
0.380315
0.496906
-1.450437
0.205825
0.476250
-1.490625
0.000000
0.439998
-1.490625
-0.182253
0.336760
-1.490625
-0.336760
0.182253
-1.490625
-0.439998
0.000000
-1.490625
-0.476250
-0.182253
-1.490625
-0.439998
-0.336760
-1.490625
-0.336760
-0.439998
-1.490625
-0.182253
-0.476250
-1.490625
-0.000000
-0.439998
-1.490625
0.182253
-0.336760
-1.490625
0.336760
-0.182253
-1.490625
0.439998
0.000000
-1.490625
0.476250
0.182253
-1.490625
0.439998
0.336760
-1.490625
0.336760
0.439998
-1.490625
0.182253
0.412427
-1.528059
-0.000000
0.381033
-1.528059
-0.157829
0.291630
-1.528059
-0.291630
0.157829
-1.528059
-0.381033
0.000000
-1.528059
-0.412427
-0.157829
-1.528059
-0.381033
-0.291630
-1.528059
-0.291630
-0.381033
-1.528059
-0.157829
-0.412427
-1.528059
-0.000000
-0.381033
-1.528059
0.157829
-0.291630
-1.528059
0.291630
-0.157829
-1.528059
0.381033
-0.000000
-1.528059
0.412427
0.157829
-1.528059
0.381033
0.291630
-1.528059
0.291630
0.381033
-1.528059
0.157829
0.346406
-1.561641
0.000000
0.320038
-1.561641
-0.132564
0.244946
-1.561641
-0.244946
0.132564
-1.561641
-0.320038
-0.000000
-1.561641
-0.346406
-0.132564
-1.561641
-0.320038
-0.244946
-1.561641
-0.244946
-0.320038
-1.561641
-0.132564
-0.346406
-1.561641
-0.000000
-0.320038
-1.561641
0.132564
-0.244946
-1.561641
0.244946
-0.132564
-1.561641
0.320038
-0.000000
-1.561641
0.346406
0.132564
-1.561641
0.320038
0.244946
-1.561641
0.244946
0.320038
-1.561641
0.132564
0.278613
-1.591611
0.000000
0.257405
-1.591611
-0.106621
0.197009
-1.591611
-0.197009
0.106621
-1.591611
-0.257405
0.000000
-1.591611
-0.278613
-0.106621
-1.591611
-0.257405
-0.197009
-1.591611
-0.197009
-0.257405
-1.591611
-0.106621
-0.278613
-1.591611
0.000000
-0.257405
-1.591611
0.106621
-0.197009
-1.591611
0.197009
-0.106621
-1.591611
0.257405
-0.000000
-1.591611
0.278613
0.106621
-1.591611
0.257405
0.197009
-1.591611
0.197009
0.257405
-1.591611
0.106621
0.210000
-1.620000
0.000000
0.194015
-1.620000
-0.080364
0.148492
-1.620000
-0.148492
0.080364
-1.620000
-0.194015
0.000000
-1.620000
-0.210000
-0.080364
-1.620000
-0.194015
-0.148492
-1.620000
-0.148492
-0.194015
-1.620000
-0.080364
-0.210000
-1.620000
-0.000000
-0.194015
-1.620000
0.080364
-0.148492
-1.620000
0.148492
-0.080364
-1.620000
0.194015
0.000000
-1.620000
0.210000
0.080364
-1.620000
0.194015
0.148492
-1.620000
0.148492
0.194015
-1.620000
0.080364
12345678
1.000000
-0.000800
0.000000
0.923879
-0.000800
-0.382683
0.707107
-0.000800
-0.707107
0.382683
-0.000800
-0.923879
0.000000
-0.000800
-1.000000
-0.382683
-0.000800
-0.923879
-0.707107
-0.000800
-0.707107
-0.923879
-0.000800
-0.382683
-1.000000
-0.000800
-0.000000
-0.923879
-0.000800
0.382683
-0.707107
-0.000800
0.707107
-0.382683
-0.000800
0.923879
-0.000000
-0.000800
1.000000
0.382683
-0.000800
0.923879
0.707107
-0.000800
0.707107
0.923879
-0.000800
0.382683
1.000000
-0.000506
0.000000
0.923879
-0.000506
-0.382683
0.707107
-0.000506
-0.707107
0.382683
-0.000506
-0.923879
0.000000
-0.000506
-1.000000
-0.382683
-0.000506
-0.923879
-0.707107
-0.000506
-0.707107
-0.923879
-0.000506
-0.382683
-1.000000
-0.000506
-0.000000
-0.923879
-0.000506
0.382683
-0.707107
-0.000506
0.707107
-0.382683
-0.000506
0.923879
-0.000000
-0.000506
1.000000
0.382683
-0.000506
0.923879
0.707107
-0.000506
0.707107
0.923879
-0.000506
0.382683
1.000000
0.000527
0.000000
0.923879
0.000527
-0.382683
0.707107
0.000527
-0.707107
0.382683
0.000527
-0.923879
0.000000
0.000527
-1.000000
-0.382683
0.000527
-0.923879
-0.707107
0.000527
-0.707107
-0.923879
0.000527
-0.382683
-1.000000
0.000527
-0.000000
-0.923879
0.000527
0.382683
-0.707107
0.000527
0.707107
-0.382683
0.000527
0.923879
-0.000000
0.000527
1.000000
0.382683
0.000527
0.923879
0.707107
0.000527
0.707107
0.923879
0.000527
0.382683
0.999998
0.001959
0.000000
0.923878
0.001959
-0.382683
0.707105
0.001959
-0.707105
0.382683
0.001959
-0.923878
0.000000
0.001959
-0.999998
-0.382683
0.001959
-0.923878
-0.707105
0.001959
-0.707105
-0.923878
0.001959
-0.382683
-0.999998
0.001959
-0.000000
-0.923878
0.001959
0.382683
-0.707105
0.001959
0.707105
-0.382683
0.001959
0.923878
-0.000000
0.001959
0.999998
0.382683
0.001959
0.923878
0.707105
0.001959
0.707105
0.923878
0.001959
0.382683
0.999996
0.002867
0.000000
0.923876
0.002867
-0.382682
0.707104
0.002867
-0.707104
0.382682
0.002867
-0.923876
-0.000000
0.002867
-0.999996
-0.382682
0.002867
-0.923876
-0.707104
0.002867
-0.707104
-0.923876
0.002867
-0.382682
-0.999996
0.002867
-0.000000
-0.923876
0.002867
0.382682
-0.707104
0.002867
0.707104
-0.382682
0.002867
0.923876
-0.000000
0.002867
0.999996
0.382682
0.002867
0.923876
0.707104
0.002867
0.707104
0.923876
0.002867
0.382682
0.999986
0.005215
0.000000
0.923867
0.005215
-0.382678
0.707097
0.005215
-0.707097
0.382678
0.005215
-0.923867
-0.000000
0.005215
-0.999986
-0.382678
0.005215
-0.923867
-0.707097
0.005215
-0.707097
-0.923867
0.005215
-0.382678
-0.999986
0.005215
-0.000000
-0.923867
0.005215
0.382678
-0.707097
0.005215
0.707097
-0.382678
0.005215
0.923867
-0.000000
0.005215
0.999986
0.382678
0.005215
0.923867
0.707097
0.005215
0.707097
0.923867
0.005215
0.382678
0.999941
0.010837
0.000000
0.923825
0.010837
-0.382661
0.707065
0.010837
-0.707065
0.382661
0.010837
-0.923825
-0.000000
0.010837
-0.999941
-0.382661
0.010837
-0.923825
-0.707065
0.010837
-0.707065
-0.923825
0.010837
-0.382661
-0.999941
0.010837
-0.000000
-0.923825
0.010837
0.382661
-0.707065
0.010837
0.707065
-0.382661
0.010837
0.923825
-0.000000
0.010837
0.999941
0.382661
0.010837
0.923825
0.707065
0.010837
0.707065
0.923825
0.010837
0.382661
0.999735
0.023028
0.000000
0.923635
0.023028
-0.382582
0.706919
0.023028
-0.706919
0.382582
0.023028
-0.923635
0.000000
0.023028
-0.999735
-0.382582
0.023028
-0.923635
-0.706919
0.023028
-0.706919
-0.923635
0.023028
-0.382582
-0.999735
0.023028
-0.000000
-0.923635
0.023028
0.382582
-0.706919
0.023028
0.706919
-0.382582
0.023028
0.923635
-0.000000
0.023028
0.999735
0.382582
0.023028
0.923635
0.706919
0.023028
0.706919
0.923635
0.023028
0.382582
0.998155
0.060712
0.000000
0.922175
0.060712
-0.381978
0.705802
0.060712
-0.705802
0.381978
0.060712
-0.922175
0.000000
0.060712
-0.998155
-0.381978
0.060712
-0.922175
-0.705802
0.060712
-0.705802
-0.922175
0.060712
-0.381978
-0.998155
0.060712
-0.000000
-0.922175
0.060712
0.381978
-0.705802
0.060712
0.705802
-0.381978
0.060712
0.922175
-0.000000
0.060712
0.998155
0.381978
0.060712
0.922175
0.705802
0.060712
0.705802
0.922175
0.060712
0.381978
0.992083
0.125586
0.000000
0.916565
0.125586
-0.379654
0.701508
0.125586
-0.701508
0.379654
0.125586
-0.916565
0.000000
0.125586
-0.992083
-0.379654
0.125586
-0.916565
-0.701508
0.125586
-0.701508
-0.916565
0.125586
-0.379654
-0.992083
0.125586
-0.000000
-0.916565
0.125586
0.379654
-0.701508
0.125586
0.701508
-0.379654
0.125586
0.916565
-0.000000
0.125586
0.992083
0.379654
0.125586
0.916565
0.701508
0.125586
0.701508
0.916565
0.125586
0.379654
0.980100
0.198506
0.000000
0.905494
0.198506
-0.375068
0.693035
0.198506
-0.693035
0.375068
0.198506
-0.905494
0.000000
0.198506
-0.980100
-0.375068
0.198506
-0.905494
-0.693035
0.198506
-0.693035
-0.905494
0.198506
-0.375068
-0.980100
0.198506
-0.000000
-0.905494
0.198506
0.375068
-0.693035
0.198506
0.693035
-0.375068
0.198506
0.905494
-0.000000
0.198506
0.980100
0.375068
0.198506
0.905494
0.693035
0.198506
0.693035
0.905494
0.198506
0.375068
0.957433
0.288655
0.000000
0.884553
0.288655
-0.366394
0.677007
0.288655
-0.677007
0.366394
0.288655
-0.884553
0.000000
0.288655
-0.957433
-0.366394
0.288655
-0.884553
-0.677007
0.288655
-0.677007
-0.884553
0.288655
-0.366394
-0.957433
0.288655
-0.000000
-0.884553
0.288655
0.366394
-0.677007
0.288655
0.677007
-0.366394
0.288655
0.884553
-0.000000
0.288655
0.957433
0.366394
0.288655
0.884553
0.677007
0.288655
0.677007
0.884553
0.288655
0.366394
0.924550
0.381062
0.000000
0.854173
0.381062
-0.353810
0.653755
0.381062
-0.653755
0.353810
0.381062
-0.854173
0.000000
0.381062
-0.924550
-0.353810
0.381062
-0.854173
-0.653755
0.381062
-0.653755
-0.854173
0.381062
-0.353810
-0.924550
0.381062
-0.000000
-0.854173
0.381062
0.353810
-0.653755
0.381062
0.653755
-0.353810
0.381062
0.854173
-0.000000
0.381062
0.924550
0.353810
0.381062
0.854173
0.653755
0.381062
0.653755
0.854173
0.381062
0.353810
0.893510
0.449043
0.000000
0.825496
0.449043
-0.341932
0.631807
0.449043
-0.631807
0.341932
0.449043
-0.825496
0.000000
0.449043
-0.893510
-0.341932
0.449043
-0.825496
-0.631807
0.449043
-0.631807
-0.825496
0.449043
-0.341932
-0.893510
0.449043
-0.000000
-0.825496
0.449043
0.341932
-0.631807
0.449043
0.631807
-0.341932
0.449043
0.825496
-0.000000
0.449043
0.893510
0.341932
0.449043
0.825496
0.631807
0.449043
0.631807
0.825496
0.449043
0.341932
0.872278
0.489011
0.000000
0.805879
0.489011
-0.333806
0.616793
0.489011
-0.616793
0.333806
0.489011
-0.805879
0.000000
0.489011
-0.872278
-0.333806
0.489011
-0.805879
-0.616793
0.489011
-0.616793
-0.805879
0.489011
-0.333806
-0.872278
0.489011
-0.000000
-0.805879
0.489011
0.333806
-0.616793
0.489011
0.616793
-0.333806
0.489011
0.805879
-0.000000
0.489011
0.872278
0.333806
0.489011
0.805879
0.616793
0.489011
0.616793
0.805879
0.489011
0.333806
0.913340
0.407197
0.000000
0.843816
0.407197
-0.349520
0.645829
0.407197
-0.645829
0.349520
0.407197
-0.843816
0.000000
0.407197
-0.913340
-0.349520
0.407197
-0.843816
-0.645829
0.407197
-0.645829
-0.843816
0.407197
-0.349520
-0.913340
0.407197
-0.000000
-0.843816
0.407197
0.349520
-0.645829
0.407197
0.645829
-0.349520
0.407197
0.843816
-0.000000
0.407197
0.913340
0.349520
0.407197
0.843816
0.645829
0.407197
0.645829
0.843816
0.407197
0.349520
0.978819
0.204727
0.000000
0.904311
0.204727
-0.374578
0.692130
0.204727
-0.692130
0.374578
0.204727
-0.904311
0.000000
0.204727
-0.978819
-0.374578
0.204727
-0.904311
-0.692130
0.204727
-0.692130
-0.904311
0.204727
-0.374578
-0.978819
0.204727
-0.000000
-0.904311
0.204727
0.374578
-0.692130
0.204727
0.692130
-0.374578
0.204727
0.904311
-0.000000
0.204727
0.978819
0.374578
0.204727
0.904311
0.692130
0.204727
0.692130
0.904311
0.204727
0.374578
0.997644
0.068610
0.000000
0.921702
0.068610
-0.381782
0.705441
0.068610
-0.705441
0.381782
0.068610
-0.921702
0.000000
0.068610
-0.997644
-0.381782
0.068610
-0.921702
-0.705441
0.068610
-0.705441
-0.921702
0.068610
-0.381782
-0.997644
0.068610
-0.000000
-0.921702
0.068610
0.381782
-0.705441
0.068610
0.705441
-0.381782
0.068610
0.921702
-0.000000
0.068610
0.997644
0.381782
0.068610
0.921702
0.705441
0.068610
0.705441
0.921702
0.068610
0.381782
0.999778
0.021085
0.000000
0.923674
0.021085
-0.382598
0.706950
0.021085
-0.706950
0.382598
0.021085
-0.923674
0.000000
0.021085
-0.999778
-0.382598
0.021085
-0.923674
-0.706950
0.021085
-0.706950
-0.923674
0.021085
-0.382598
-0.999778
0.021085
-0.000000
-0.923674
0.021085
0.382598
-0.706950
0.021085
0.706950
-0.382598
0.021085
0.923674
-0.000000
0.021085
0.999778
0.382598
0.021085
0.923674
0.706950
0.021085
0.706950
0.923674
0.021085
0.382598
0.999914
-0.013094
0.000000
0.923800
-0.013094
-0.382651
0.707046
-0.013094
-0.707046
0.382651
-0.013094
-0.923800
0.000000
-0.013094
-0.999914
-0.382651
-0.013094
-0.923800
-0.707046
-0.013094
-0.707046
-0.923800
-0.013094
-0.382651
-0.999914
-0.013094
-0.000000
-0.923800
-0.013094
0.382651
-0.707046
-0.013094
0.707046
-0.382651
-0.013094
0.923800
-0.000000
-0.013094
0.999914
0.382651
-0.013094
0.923800
0.707046
-0.013094
0.707046
0.923800
-0.013094
0.382651
0.999094
-0.042548
0.000000
0.923043
-0.042548
-0.382337
0.706466
-0.042548
-0.706466
0.382337
-0.042548
-0.923043
0.000000
-0.042548
-0.999094
-0.382337
-0.042548
-0.923043
-0.706466
-0.042548
-0.706466
-0.923043
-0.042548
-0.382337
-0.999094
-0.042548
-0.000000
-0.923043
-0.042548
0.382337
-0.706466
-0.042548
0.706466
-0.382337
-0.042548
0.923043
-0.000000
-0.042548
0.999094
0.382337
-0.042548
0.923043
0.706466
-0.042548
0.706466
0.923043
-0.042548
0.382337
0.996931
-0.078285
0.000000
0.921044
-0.078285
-0.381509
0.704937
-0.078285
-0.704937
0.381509
-0.078285
-0.921044
0.000000
-0.078285
-0.996931
-0.381509
-0.078285
-0.921044
-0.704937
-0.078285
-0.704937
-0.921044
-0.078285
-0.381509
-0.996931
-0.078285
-0.000000
-0.921044
-0.078285
0.381509
-0.704937
-0.078285
0.704937
-0.381509
-0.078285
0.921044
-0.000000
-0.078285
0.996931
0.381509
-0.078285
0.921044
0.704937
-0.078285
0.704937
0.921044
-0.078285
0.381509
0.991642
-0.129023
0.000000
0.916157
-0.129023
-0.379485
0.701196
-0.129023
-0.701196
0.379485
-0.129023
-0.916157
0.000000
-0.129023
-0.991642
-0.379485
-0.129023
-0.916157
-0.701196
-0.129023
-0.701196
-0.916157
-0.129023
-0.379485
-0.991642
-0.129023
-0.000000
-0.916157
-0.129023
0.379485
-0.701196
-0.129023
0.701196
-0.379485
-0.129023
0.916157
-0.000000
-0.129023
0.991642
0.379485
-0.129023
0.916157
0.701196
-0.129023
0.701196
0.916157
-0.129023
0.379485
0.978377
-0.206832
0.000000
0.903902
-0.206832
-0.374408
0.691817
-0.206832
-0.691817
0.374408
-0.206832
-0.903902
0.000000
-0.206832
-0.978377
-0.374408
-0.206832
-0.903902
-0.691817
-0.206832
-0.691817
-0.903902
-0.206832
-0.374408
-0.978377
-0.206832
-0.000000
-0.903902
-0.206832
0.374408
-0.691817
-0.206832
0.691817
-0.374408
-0.206832
0.903902
-0.000000
-0.206832
0.978377
0.374408
-0.206832
0.903902
0.691817
-0.206832
0.691817
0.903902
-0.206832
0.374408
0.930316
-0.366760
0.000000
0.859500
-0.366760
-0.356016
0.657832
-0.366760
-0.657832
0.356016
-0.366760
-0.859500
0.000000
-0.366760
-0.930316
-0.356016
-0.366760
-0.859500
-0.657832
-0.366760
-0.657832
-0.859500
-0.366760
-0.356016
-0.930316
-0.366760
-0.000000
-0.859500
-0.366760
0.356016
-0.657832
-0.366760
0.657832
-0.356016
-0.366760
0.859500
-0.000000
-0.366760
0.930316
0.356016
-0.366760
0.859500
0.657832
-0.366760
0.657832
0.859500
-0.366760
0.356016
0.826089
-0.563540
0.000000
0.763207
-0.563540
-0.316130
0.584133
-0.563540
-0.584133
0.316130
-0.563540
-0.763207
0.000000
-0.563540
-0.826089
-0.316130
-0.563540
-0.763207
-0.584133
-0.563540
-0.584133
-0.763207
-0.563540
-0.316130
-0.826089
-0.563540
-0.000000
-0.763207
-0.563540
0.316130
-0.584133
-0.563540
0.584133
-0.316130
-0.563540
0.763207
-0.000000
-0.563540
0.826089
0.316130
-0.563540
0.763207
0.584133
-0.563540
0.584133
0.763207
-0.563540
0.316130
0.708118
-0.706094
0.000000
0.654216
-0.706094
-0.270985
0.500715
-0.706094
-0.500715
0.270985
-0.706094
-0.654216
0.000000
-0.706094
-0.708118
-0.270985
-0.706094
-0.654216
-0.500715
-0.706094
-0.500715
-0.654216
-0.706094
-0.270985
-0.708118
-0.706094
-0.000000
-0.654216
-0.706094
0.270985
-0.500715
-0.706094
0.500715
-0.270985
-0.706094
0.654216
-0.000000
-0.706094
0.708118
0.270985
-0.706094
0.654216
0.500715
-0.706094
0.500715
0.654216
-0.706094
0.270985
0.599564
-0.800327
0.000000
0.553925
-0.800327
-0.229443
0.423956
-0.800327
-0.423956
0.229443
-0.800327
-0.553925
0.000000
-0.800327
-0.599564
-0.229443
-0.800327
-0.553925
-0.423956
-0.800327
-0.423956
-0.553925
-0.800327
-0.229443
-0.599564
-0.800327
-0.000000
-0.553925
-0.800327
0.229443
-0.423956
-0.800327
0.423956
-0.229443
-0.800327
0.553925
-0.000000
-0.800327
0.599564
0.229443
-0.800327
0.553925
0.423956
-0.800327
0.423956
0.553925
-0.800327
0.229443
0.526315
-0.850290
0.000000
0.486251
-0.850290
-0.201412
0.372161
-0.850290
-0.372161
0.201412
-0.850290
-0.486251
0.000000
-0.850290
-0.526315
-0.201412
-0.850290
-0.486251
-0.372161
-0.850290
-0.372161
-0.486251
-0.850290
-0.201412
-0.526315
-0.850290
-0.000000
-0.486251
-0.850290
0.201412
-0.372161
-0.850290
0.372161
-0.201412
-0.850290
0.486251
-0.000000
-0.850290
0.526315
0.201412
-0.850290
0.486251
0.372161
-0.850290
0.372161
0.486251
-0.850290
0.201412
0.479851
-0.877350
0.000000
0.443325
-0.877350
-0.183631
0.339306
-0.877350
-0.339306
0.183631
-0.877350
-0.443325
0.000000
-0.877350
-0.479851
-0.183631
-0.877350
-0.443325
-0.339306
-0.877350
-0.339306
-0.443325
-0.877350
-0.183631
-0.479851
-0.877350
-0.000000
-0.443325
-0.877350
0.183631
-0.339306
-0.877350
0.339306
-0.183631
-0.877350
0.443325
-0.000000
-0.877350
0.479851
0.183631
-0.877350
0.443325
0.339306
-0.877350
0.339306
0.443325
-0.877350
0.183631
0.429005
-0.903302
0.000000
0.396349
-0.903302
-0.164173
0.303352
-0.903302
-0.303352
0.164173
-0.903302
-0.396349
0.000000
-0.903302
-0.429005
-0.164173
-0.903302
-0.396349
-0.303352
-0.903302
-0.303352
-0.396349
-0.903302
-0.164173
-0.429005
-0.903302
-0.000000
-0.396349
-0.903302
0.164173
-0.303352
-0.903302
0.303352
-0.164173
-0.903302
0.396349
-0.000000
-0.903302
0.429005
0.164173
-0.903302
0.396349
0.303352
-0.903302
0.303352
0.396349
-0.903302
0.164173
0.393355
-0.919387
0.000000
0.363413
-0.919387
-0.150531
0.278144
-0.919387
-0.278144
0.150531
-0.919387
-0.363413
0.000000
-0.919387
-0.393355
-0.150531
-0.919387
-0.363413
-0.278144
-0.919387
-0.278144
-0.363413
-0.919387
-0.150531
-0.393355
-0.919387
-0.000000
-0.363413
-0.919387
0.150531
-0.278144
-0.919387
0.278144
-0.150531
-0.919387
0.363413
-0.000000
-0.919387
0.393355
0.150531
-0.919387
0.363413
0.278144
-0.919387
0.278144
0.363413
-0.919387
0.150531
0.382317
-0.924031
0.000000
0.353215
-0.924031
-0.146306
0.270339
-0.924031
-0.270339
0.146306
-0.924031
-0.353215
0.000000
-0.924031
-0.382317
-0.146306
-0.924031
-0.353215
-0.270339
-0.924031
-0.270339
-0.353215
-0.924031
-0.146306
-0.382317
-0.924031
-0.000000
-0.353215
-0.924031
0.146306
-0.270339
-0.924031
0.270339
-0.146306
-0.924031
0.353215
-0.000000
-0.924031
0.382317
0.146306
-0.924031
0.353215
0.270339
-0.924031
0.270339
0.353215
-0.924031
0.146306
87654321
0
16
17
1
1
17
18
2
2
18
19
3
3
19
20
4
4
20
21
5
5
21
22
6
6
22
23
7
7
23
24
8
8
24
25
9
9
25
26
10
10
26
27
11
11
27
28
12
12
28
29
13
13
29
30
14
14
30
31
15
15
31
16
0
16
32
33
17
17
33
34
18
18
34
35
19
19
35
36
20
20
36
37
21
21
37
38
22
22
38
39
23
23
39
40
24
24
40
41
25
25
41
42
26
26
42
43
27
27
43
44
28
28
44
45
29
29
45
46
30
30
46
47
31
31
47
32
16
32
48
49
33
33
49
50
34
34
50
51
35
35
51
52
36
36
52
53
37
37
53
54
38
38
54
55
39
39
55
56
40
40
56
57
41
41
57
58
42
42
58
59
43
43
59
60
44
44
60
61
45
45
61
62
46
46
62
63
47
47
63
48
32
48
64
65
49
49
65
66
50
50
66
67
51
51
67
68
52
52
68
69
53
53
69
70
54
54
70
71
55
55
71
72
56
56
72
73
57
57
73
74
58
58
74
75
59
59
75
76
60
60
76
77
61
61
77
78
62
62
78
79
63
63
79
64
48
64
80
81
65
65
81
82
66
66
82
83
67
67
83
84
68
68
84
85
69
69
85
86
70
70
86
87
71
71
87
88
72
72
88
89
73
73
89
90
74
74
90
91
75
75
91
92
76
76
92
93
77
77
93
94
78
78
94
95
79
79
95
80
64
80
96
97
81
81
97
98
82
82
98
99
83
83
99
100
84
84
100
101
85
85
101
102
86
86
102
103
87
87
103
104
88
88
104
105
89
89
105
106
90
90
106
107
91
91
107
108
92
92
108
109
93
93
109
110
94
94
110
111
95
95
111
96
80
96
112
113
97
97
113
114
98
98
114
115
99
99
115
116
100
100
116
117
101
101
117
118
102
102
118
119
103
103
119
120
104
104
120
121
105
105
121
122
106
106
122
123
107
107
123
124
108
108
124
125
109
109
125
126
110
110
126
127
111
111
127
112
96
112
128
129
113
113
129
130
114
114
130
131
115
115
131
132
116
116
132
133
117
117
133
134
118
118
134
135
119
119
135
136
120
120
136
137
121
121
137
138
122
122
138
139
123
123
139
140
124
124
140
141
125
125
141
142
126
126
142
143
127
127
143
128
112
128
144
145
129
129
145
146
130
130
146
147
131
131
147
148
132
132
148
149
133
133
149
150
134
134
150
151
135
135
151
152
136
136
152
153
137
137
153
154
138
138
154
155
139
139
155
156
140
140
156
157
141
141
157
158
142
142
158
159
143
143
159
144
128
144
160
161
145
145
161
162
146
146
162
163
147
147
163
164
148
148
164
165
149
149
165
166
150
150
166
167
151
151
167
168
152
152
168
169
153
153
169
170
154
154
170
171
155
155
171
172
156
156
172
173
157
157
173
174
158
158
174
175
159
159
175
160
144
160
176
177
161
161
177
178
162
162
178
179
163
163
179
180
164
164
180
181
165
165
181
182
166
166
182
183
167
167
183
184
168
168
184
185
169
169
185
186
170
170
186
187
171
171
187
188
172
172
188
189
173
173
189
190
174
174
190
191
175
175
191
176
160
176
192
193
177
177
193
194
178
178
194
195
179
179
195
196
180
180
196
197
181
181
197
198
182
182
198
199
183
183
199
200
184
184
200
201
185
185
201
202
186
186
202
203
187
187
203
204
188
188
204
205
189
189
205
206
190
190
206
207
191
191
207
192
176
192
208
209
193
193
209
210
194
194
210
211
195
195
211
212
196
196
212
213
197
197
213
214
198
198
214
215
199
199
215
216
200
200
216
217
201
201
217
218
202
202
218
219
203
203
219
220
204
204
220
221
205
205
221
222
206
206
222
223
207
207
223
208
192
208
224
225
209
209
225
226
210
210
226
227
211
211
227
228
212
212
228
229
213
213
229
230
214
214
230
231
215
215
231
232
216
216
232
233
217
217
233
234
218
218
234
235
219
219
235
236
220
220
236
237
221
221
237
238
222
222
238
239
223
223
239
224
208
224
240
241
225
225
241
242
226
226
242
243
227
227
243
244
228
228
244
245
229
229
245
246
230
230
246
247
231
231
247
248
232
232
248
249
233
233
249
250
234
234
250
251
235
235
251
252
236
236
252
253
237
237
253
254
238
238
254
255
239
239
255
240
224
240
256
257
241
241
257
258
242
242
258
259
243
243
259
260
244
244
260
261
245
245
261
262
246
246
262
263
247
247
263
264
248
248
264
265
249
249
265
266
250
250
266
267
251
251
267
268
252
252
268
269
253
253
269
270
254
254
270
271
255
255
271
256
240
256
272
273
257
257
273
274
258
258
274
275
259
259
275
276
260
260
276
277
261
261
277
278
262
262
278
279
263
263
279
280
264
264
280
281
265
265
281
282
266
266
282
283
267
267
283
284
268
268
284
285
269
269
285
286
270
270
286
287
271
271
287
272
256
272
288
289
273
273
289
290
274
274
290
291
275
275
291
292
276
276
292
293
277
277
293
294
278
278
294
295
279
279
295
296
280
280
296
297
281
281
297
298
282
282
298
299
283
283
299
300
284
284
300
301
285
285
301
302
286
286
302
303
287
287
303
288
272
288
304
305
289
289
305
306
290
290
306
307
291
291
307
308
292
292
308
309
293
293
309
310
294
294
310
311
295
295
311
312
296
296
312
313
297
297
313
314
298
298
314
315
299
299
315
316
300
300
316
317
301
301
317
318
302
302
318
319
303
303
319
304
288
304
320
321
305
305
321
322
306
306
322
323
307
307
323
324
308
308
324
325
309
309
325
326
310
310
326
327
311
311
327
328
312
312
328
329
313
313
329
330
314
314
330
331
315
315
331
332
316
316
332
333
317
317
333
334
318
318
334
335
319
319
335
320
304
320
336
337
321
321
337
338
322
322
338
339
323
323
339
340
324
324
340
341
325
325
341
342
326
326
342
343
327
327
343
344
328
328
344
345
329
329
345
346
330
330
346
347
331
331
347
348
332
332
348
349
333
333
349
350
334
334
350
351
335
335
351
336
320
336
352
353
337
337
353
354
338
338
354
355
339
339
355
356
340
340
356
357
341
341
357
358
342
342
358
359
343
343
359
360
344
344
360
361
345
345
361
362
346
346
362
363
347
347
363
364
348
348
364
365
349
349
365
366
350
350
366
367
351
351
367
352
336
352
368
369
353
353
369
370
354
354
370
371
355
355
371
372
356
356
372
373
357
357
373
374
358
358
374
375
359
359
375
376
360
360
376
377
361
361
377
378
362
362
378
379
363
363
379
380
364
364
380
381
365
365
381
382
366
366
382
383
367
367
383
368
352
368
384
385
369
369
385
386
370
370
386
387
371
371
387
388
372
372
388
389
373
373
389
390
374
374
390
391
375
375
391
392
376
376
392
393
377
377
393
394
378
378
394
395
379
379
395
396
380
380
396
397
381
381
397
398
382
382
398
399
383
383
399
384
368
384
400
401
385
385
401
402
386
386
402
403
387
387
403
404
388
388
404
405
389
389
405
406
390
390
406
407
391
391
407
408
392
392
408
409
393
393
409
410
394
394
410
411
395
395
411
412
396
396
412
413
397
397
413
414
398
398
414
415
399
399
415
400
384
400
416
417
401
401
417
418
402
402
418
419
403
403
419
420
404
404
420
421
405
405
421
422
406
406
422
423
407
407
423
424
408
408
424
425
409
409
425
426
410
410
426
427
411
411
427
428
412
412
428
429
413
413
429
430
414
414
430
431
415
415
431
416
400
416
432
433
417
417
433
434
418
418
434
435
419
419
435
436
420
420
436
437
421
421
437
438
422
422
438
439
423
423
439
440
424
424
440
441
425
425
441
442
426
426
442
443
427
427
443
444
428
428
444
445
429
429
445
446
430
430
446
447
431
431
447
432
416
432
448
449
433
433
449
450
434
434
450
451
435
435
451
452
436
436
452
453
437
437
453
454
438
438
454
455
439
439
455
456
440
440
456
457
441
441
457
458
442
442
458
459
443
443
459
460
444
444
460
461
445
445
461
462
446
446
462
463
447
447
463
448
432
448
464
465
449
449
465
466
450
450
466
467
451
451
467
468
452
452
468
469
453
453
469
470
454
454
470
471
455
455
471
472
456
456
472
473
457
457
473
474
458
458
474
475
459
459
475
476
460
460
476
477
461
461
477
478
462
462
478
479
463
463
479
464
448
464
480
481
465
465
481
482
466
466
482
483
467
467
483
484
468
468
484
485
469
469
485
486
470
470
486
487
471
471
487
488
472
472
488
489
473
473
489
490
474
474
490
491
475
475
491
492
476
476
492
493
477
477
493
494
478
478
494
495
479
479
495
480
464
480
496
497
481
481
497
498
482
482
498
499
483
483
499
500
484
484
500
501
485
485
501
502
486
486
502
503
487
487
503
504
488
488
504
505
489
489
505
506
490
490
506
507
491
491
507
508
492
492
508
509
493
493
509
510
494
494
510
511
495
495
511
496
480
496
512
513
497
497
513
514
498
498
514
515
499
499
515
516
500
500
516
517
501
501
517
518
502
502
518
519
503
503
519
520
504
504
520
521
505
505
521
522
506
506
522
523
507
507
523
524
508
508
524
525
509
509
525
526
510
510
526
527
511
511
527
512
496
